46,18, 4,51, 7,42, 51,76, 15,39, 4,95, 46,16, 19,46, 0,26, 59,63
83,94, 20,62, 21,14, 0,67, 49,01, 55,15, 24,74, 5,43, 18,57, 20,06
3,78, 9,55, 3,24, 63,01, 56,09, 39,74, 9,42, 0,30, 20,51, 10,27
12,29, 38,19, 17,25, 33,99, 10,85, 38,65, 46,38, 1,86, 0,00, 28,23
0,74, 25,20, 19,76, 2,49, 7,67, 0,99, 35,57, 11,12, 45,92, 67,75
15,47, 44,31, 35,99, 44,71, 89,11, 6,60, 0,00, 15,95, 12,44, 24,99
10,78, 0,00, 39,55, 10,85, 0,78, 14,74, 5,74, 0,44, 2,37, 15,12
21,98, 2,28, 15,01, 14,80, 9,98, 87,15, 7,75, 6,91, 17,63, 1,86
25,66, 59,86, 7,10, 2,40, 3,93, 9,20, 16,55, 85,78, 32,70, 20,30
9,68, 19,99, 54,54, 59,03, 29,17, 65,30, 48,98, 18,79, 51,22, 9,94

43,79, 30,33, 19,12, 40,64, 78,07, 58,82, 9,86, 24,66, 25,65, 2,95
2,61, 52,75, 2,69, 6,75, 19,10, 50,81, 27,34, 21,48, 5,03, 11,91
0,40, 5,46, 1,89, 4,78, 3,43, 8,65, 0,00, 9,18, 48,15, 21,50
34,62, 7,61, 33,78, 24,84, 16,16, 36,65, 16,11, 2,84, 8,58, 22,56
49,99, 17,52, 5,72, 1,55, 31,08, 1,59, 5,99, 1,47, 36,90, 11,63
16,17, 47,66, 11,64, 38,82, 56,04, 5,85, 22,85, 23,72, 0,39, 42,81
38,58, 1,32, 2,13, 45,66, 64,40, 27,53, 10,06, 48,75, 44,05, 22,07
59,61, 0,35, 3,99, 2,05, 42,91, 9,00, 9,47, 21,68, 32,81, 19,72
0,29, 5,25, 14,39, 3,16, 1,60, 22,56, 23,43, 33,83, 48,20, 5,54
0,97, 62,32, 37,98, 32,60, 1,22, 29,02, 80,06, 20,52, 11,75, 0,41

10,39, 12,78, 12,21, 1,41, 11,11, 2,85, 77,89, 43,60, 42,87, 37,52
23,43, 7,60, 12,79, 15,60, 10,63, 9,42, 43,44, 38,64, 0,00, 7,40
36,73, 59,03, 0,55, 3,59, 35,83, 37,55, 15,78, 14,23, 1,25, 8,78
67,36, 11,48, 45,34, 7,73, 6,82, 18,55, 3,47, 0,92, 30,83, 46,88
79,63, 5,08, 62,38, 26,01, 24,88, 1,43, 4,77, 4,18, 63,43, 41,60
49,76, 1,99, 6,64, 65,82, 34,91, 10,48, 41,42, 77,42, 4,31, 1,98
22,36, 40,67, 70,99, 28,19, 51,29, 37,30, 17,85, 37,25, 8,00, 16,30
13,92, 3,69, 1,51, 14,99, 47,40, 8,30, 21,54, 31,99, 15,48, 30,28
49,97, 65,03, 8,50, 28,17, 1,82, 64,29, 52,38, 11,37, 2,29, 90,93
12,17, 8,08, 25,25, 11,27, 12,18, 0,10, 48,32, 2,53, 19,25, 1,36

7,48, 51,92, 3,38, 7,97, 37,61, 6,05, 9,85, 9,73, 18,44, 66,60
52,44, 20,72, 6,51, 23,03, 67,63, 11,07, 1,81, 73,96, 52,47, 12,39
25,39, 60,65, 17,57, 3,86, 7,89, 5,56, 5,64, 26,51, 23,81, 37,21
8,79, 60,14, 4,92, 10,05, 23,73, 35,58, 0,49, 14,69, 6,48, 6,61
28,01, 7,32, 4,92, 35,73, 24,81, 4,53, 24,52, 18,46, 0,74, 15,88
1,93, 4,87, 10,51, 32,00, 25,77, 21,78, 5,45, 13,85, 42,91, 11,43
20,03, 50,85, 53,42, 12,88, 0,23, 1,16, 12,28, 49,68, 2,70, 4,71
10,17, 41,91, 15,98, 87,18, 11,06, 43,60, 0,67, 96,50, 13,39, 12,41
50,55, 24,05, 16,82, 1,30, 6,68, 5,31, 3,40, 33,92, 15,90, 0,89
18,20, 46,41, 46,69, 11,40, 6,30, 84,56, 82,21, 8,44, 3,60, 8,54

4,88, 5,17, 35,05, 3,39, 40,89, 23,67, 3,41, 10,00, 18,00, 29,50
67,03, 31,31, 8,47, 5,90, 9,19, 46,74, 39,81, 0,02, 0,00, 15,74
64,03, 1,37, 2,60, 21,77, 0,42, 19,44, 59,61, 0,70, 9,13, 26,77
24,98, 22,68, 12,17, 58,10, 4,17, 16,42, 49,00, 27,10, 31,05, 3,51
0,97, 14,34, 22,39, 12,68, 46,89, 3,42, 39,27, 3,09, 63,58, 32,19
26,95, 22,64, 54,25, 4,74, 62,48, 8,90, 14,65, 29,45, 38,75, 1,45
7,60, 36,94, 2,27, 43,51, 6,76, 50,61, 19,01, 10,22, 30,24, 30,54
1,38, 42,11, 38,26, 47,79, 8,62, 11,81, 1,45, 3,23, 34,24, 20,37
26,75, 45,04, 4,82, 24,96, 0,00, 15,46, 16,47, 62,13, 29,47, 17,79
5,15, 18,21, 2,37, 19,75, 9,59, 12,05, 34,12, 9,65, 72,40, 0,03

14,61, 52,09, 8,67, 36,55, 14,20, 1,62, 15,44, 2,02, 2,91, 41,37
29,28, 14,95, 5,52, 10,31, 16,52, 29,12, 25,44, 15,85, 9,38, 20,17
6,17, 1,91, 8,96, 1,37, 5,40, 21,07, 89,02, 5,14, 4,36, 0,32
4,29, 48,87, 44,66, 1,44, 3,02, 53,34, 0,70, 7,74, 44,62, 77,67
0,92, 42,12, 57,05, 4,80, 28,74, 5,41, 30,40, 59,09, 24,24, 4,96
41,65, 17,45, 24,41, 19,74, 2,05, 5,06, 5,90, 2,19, 2,88, 29,99
23,66, 0,26, 13,85, 6,26, 16,32, 16,53, 21,43, 69,49, 23,23, 12,03
11,98, 1,95, 26,91, 52,72, 44,63, 14,30, 0,46, 84,20, 56,19, 17,38
0,85, 0,89, 2,68, 14,25, 35,62, 3,60, 40,00, 9,80, 4,31, 0,00
1,86, 5,13, 3,73, 35,06, 3,16, 47,66, 41,03, 65,45, 4,60, 9,07

4,29, 51,35, 1,22, 19,10, 0,60, 66,56, 11,39, 2,45, 14,19, 63,46
14,88, 11,95, 14,53, 55,93, 24,66, 0,66, 56,20, 5,22, 5,26, 2,60
7,12, 7,87, 7,52, 4,57, 45,52, 48,42, 21,60, 11,07, 2,18, 61,06
64,61, 0,33, 9,56, 18,70, 33,22, 3,72, 3,20, 19,94, 33,05, 26,39
0,49, 21,77, 74,17, 14,46, 7,34, 0,00, 0,89, 43,14, 47,84, 35,37
1,56, 2,01, 17,67, 10,63, 9,31, 5,83, 27,79, 19,23, 5,50, 13,66
9,99, 25,64, 64,29, 28,66, 4,12, 77,25, 26,92, 59,84, 5,03, 10,13
7,77, 48,73, 2,12, 15,17, 19,39, 58,61, 13,18, 19,38, 34,08, 2,35
3,68, 3,94, 10,58, 0,00, 25,89, 3,84, 2,51, 41,03, 25,63, 3,95
2,43, 6,06, 9,22, 50,66, 0,85, 66,00, 20,32, 15,07, 71,98, 15,08

48,63, 0,00, 5,01, 1,92, 50,16, 54,87, 17,78, 22,86, 32,43, 65,23
72,63, 18,03, 87,83, 28,23, 3,68, 23,12, 0,00, 28,30, 11,55, 5,44
15,00, 26,52, 45,20, 2,13, 1,17, 14,11, 34,40, 35,09, 1,94, 20,28
32,12, 15,40, 10,39, 10,17, 66,90, 19,79, 22,41, 44,87, 20,31, 10,06
4,32, 13,77, 19,52, 3,59, 41,69, 44,83, 51,52, 1,21, 24,20, 56,90
18,42, 0,49, 64,57, 43,88, 1,46, 42,37, 1,36, 17,41, 7,05, 32,12
31,72, 42,13, 38,46, 14,40, 21,95, 23,73, 56,37, 78,51, 43,69, 37,10
7,32, 5,80, 13,51, 17,32, 18,68, 9,60, 26,99, 24,57, 24,08, 26,99
4,25, 48,81, 39,99, 7,26, 43,05, 47,59, 3,57, 25,55, 20,85, 4,11
80,94, 50,44, 1,42, 82,90, 14,32, 61,52, 63,56, 77,72, 7,96, 3,79

16,88, 0,08, 33,47, 89,85, 71,73, 28,47, 1,69, 21,04, 82,05, 17,01
7,84, 12,00, 55,47, 0,54, 37,83, 92,23, 33,61, 28,16, 15,37, 17,16
7,87, 36,81, 13,75, 64,00, 3,04, 19,23, 8,48, 66,13, 40,50, 32,37
16,08, 6,77, 0,00, 1,19, 7,68, 0,55, 34,77, 1,42, 35,09, 3,85
14,97, 42,66, 2,70, 50,56, 21,20, 4,67, 56,69, 44,23, 4,97, 0,50
0,36, 9,45, 7,97, 58,36, 21,15, 8,54, 0,12, 30,54, 1,69, 68,93
10,54, 14,60, 5,10, 51,49, 71,52, 3,36, 24,59, 7,81, 6,93, 8,83
5,88, 0,63, 3,76, 63,19, 65,87, 8,53, 45,20, 5,68, 0,92, 0,00
9,32, 31,69, 20,53, 40,13, 18,90, 37,57, 17,68, 6,76, 19,00, 80,02
15,05, 0,49, 8,83, 55,90, 31,60, 9,74, 1,63, 22,19, 20,20, 28,22

2,51, 27,50, 2,76, 21,08, 41,80, 9,92, 2,34, 31,58, 2,40, 30,36
10,52, 17,39, 4,46, 0,96, 35,18, 9,23, 59,29, 18,91, 18,39, 57,30
4,18, 5,13, 0,65, 57,67, 59,39, 22,21, 16,99, 55,85, 13,58, 51,15
19,69, 5,06, 51,32, 1,24, 6,18, 26,65, 0,68, 74,73, 13,72, 1,95
49,25, 1,97, 72,72, 16,05, 52,69, 17,55, 4,72, 2,98, 28,38, 32,35
10,41, 28,16, 5,89, 4,76, 23,35, 10,25, 53,40, 43,21, 34,92, 37,05
21,19, 21,84, 14,72, 1,74, 6,38, 8,99, 5,24, 20,14, 17,42, 91,18
18,65, 31,25, 18,84, 5,54, 20,63, 0,00, 39,14, 3,39, 12,65, 0,95
48,61, 11,50, 29,14, 10,55, 25,14, 29,16, 7,98, 1,23, 30,00, 15,25
53,81, 19,36, 6,05, 65,07, 34,31, 7,67, 6,16, 5,96, 16,94, 2,44

75,20, 71,69, 38,37, 54,65, 44,39, 14,26, 0,24, 5,87, 9,16, 26,33
13,05, 27,24, 1,73, 18,62, 11,68, 16,30, 0,23, 0,31, 30,09, 29,89
1,99, 14,94, 4,70, 38,93, 5,28, 6,46, 1,20, 20,70, 18,06, 1,72
7,32, 40,62, 1,03, 57,55, 21,05, 22,84, 5,17, 0,76, 2,67, 78,35
16,69, 24,77, 67,08, 0,00, 12,57, 25,58, 14,65, 11,37, 10,70, 28,74
67,49, 7,93, 1,71, 4,63, 14,81, 0,10, 6,12, 24,03, 14,69, 4,05
8,09, 7,53, 18,77, 29,99, 24,83, 33,87, 2,00, 8,40, 47,59, 0,14
5,09, 43,11, 0,30, 15,36, 34,90, 12,27, 0,77, 15,29, 4,47, 24,37
12,15, 22,58, 10,43, 12,37, 1,06, 24,11, 23,29, 43,79, 25,24, 47,36
53,06, 38,67, 23,81, 31,96, 22,70, 6,29, 12,93, 55,98, 90,91, 15,44

26,48, 3,82, 30,52, 10,93, 0,03, 44,20, 15,84, 16,24, 18,26, 57,34
17,40, 1,13, 8,28, 29,30, 42,84, 59,85, 49,49, 13,80, 57,69, 55,34
52,44, 52,98, 12,85, 2,12, 33,62, 5,54, 16,33, 60,03, 31,05, 29,89
2,09, 26,54, 14,28, 13,79, 15,36, 18,55, 5,44, 84,03, 47,70, 6,94
16,12, 8,19, 8,68, 71,84, 25,31, 5,43, 7,69, 52,41, 1,34, 57,73
14,23, 7,20, 0,98, 16,83, 77,54, 6,31, 52,36, 10,32, 4,38, 0,00
20,83, 21,47, 10,02, 6,37, 23,17, 66,23, 42,29, 9,08, 29,74, 18,79
10,18, 85,15, 14,59, 11,88, 31,01, 11,03, 36,26, 50,07, 16,57, 21,93
34,84, 69,40, 3,75, 24,94, 62,51, 67,04, 42,49, 9,05, 25,04, 16,51
10,46, 40,87, 3,91, 9,75, 19,29, 6,38, 39,96, 1,28, 21,31, 2,86

1,27, 18,22, 4,41, 12,02, 0,17, 6,69, 6,10, 25,38, 2,64, 70,68
7,08, 0,10, 48,00, 23,67, 1,10, 4,76, 14,53, 13,21, 18,97, 2,55
38,31, 83,36, 56,73, 50,48, 10,77, 20,91, 20,11, 2,19, 28,18, 7,41
0,88, 5,09, 15,64, 2,38, 3,40, 33,86, 5,76, 9,72, 8,74, 16,76
2,94, 7,67, 8,38, 16,12, 54,50, 1,98, 28,21, 20,83, 10,07, 45,29
57,45, 28,44, 10,72, 7,24, 22,58, 7,69, 28,87, 14,55, 62,40, 1,59
40,24, 4,31, 10,45, 4,15, 1,93, 43,23, 16,01, 35,93, 69,01, 58,56
6,28, 31,71, 19,97, 1,92, 25,61, 15,71, 37,98, 37,68, 71,95, 29,92
14,31, 5,80, 16,43, 60,58, 15,75, 36,42, 70,51, 18,49, 75,37, 66,73
58,95, 48,23, 1,45, 19,60, 21,00, 6,33, 69,77, 6,70, 41,83, 2,29

50,83, 30,34, 11,57, 0,00, 92,32, 55,00, 29,12, 68,17, 11,69, 45,41
11,16, 10,47, 15,36, 32,75, 51,17, 47,24, 3,80, 49,97, 37,25, 1,53
78,48, 6,99, 5,37, 10,82, 57,67, 14,37, 36,19, 12,98, 28,93, 7,19
6,81, 45,07, 7,03, 23,06, 23,33, 7,11, 68,65, 17,78, 32,41, 79,71
2,50, 5,74, 11,09, 33,59, 3,51, 22,92, 2,06, 0,93, 5,82, 23,79
75,21, 1,27, 64,93, 34,36, 16,66, 20,31, 40,27, 7,97, 8,55, 18,57
8,54, 63,29, 6,03, 14,48, 34,39, 27,04, 70,96, 5,90, 1,88, 0,29
4,76, 59,90, 7,91, 17,40, 56,45, 24,95, 7,47, 41,81, 13,25, 42,19
0,15, 0,08, 3,62, 13,92, 16,50, 25,02, 30,70, 1,68, 12,98, 39,62
84,01, 32,77, 18,86, 0,00, 39,48, 6,42, 33,41, 48,51, 4,17, 9,64

74,63, 23,24, 2,06, 58,53, 29,40, 12,88, 66,64, 70,27, 12,18, 33,53
25,83, 4,05, 2,93, 15,30, 20,02, 0,00, 24,47, 23,57, 47,49, 39,78
30,08, 1,47, 28,78, 0,86, 28,87, 2,97, 10,28, 1,86, 72,54, 5,62
11,91, 64,65, 31,08, 1,37, 29,45, 55,35, 97,80, 6,48, 11,63, 6,10
89,68, 1,48, 33,28, 40,41, 85,44, 33,76, 40,30, 20,52, 13,48, 5,08
18,85, 63,79, 25,68, 25,31, 3,45, 61,29, 23,02, 19,15, 82,83, 22,31
4,16, 56,62, 53,47, 59,86, 19,24, 20,90, 16,70, 29,34, 45,09, 23,26
48,81, 3,54, 0,56, 1,39, 62,72, 13,07, 24,28, 69,87, 22,87, 4,26
1,10, 1,18, 29,15, 42,74, 75,70, 4,54, 10,04, 22,41, 16,97, 72,73
2,09, 3,79, 39,48, 4,73, 16,56, 1,70, 57,15, 23,62, 33,87, 23,04

38,72, 38,44, 29,32, 33,87, 70,52, 38,30, 20,01, 34,03, 0,36, 8,03
2,42, 1,35, 52,95, 13,20, 34,17, 3,54, 35,87, 39,81, 0,99, 45,56
13,79, 1,92, 2,17, 3,50, 30,17, 10,38, 2,00, 21,98, 3,50, 19,95
81,77, 43,64, 1,59, 40,78, 0,73, 41,06, 20,08, 0,28, 45,08, 19,21
45,41, 25,02, 21,99, 6,34, 0,45, 3,04, 10,70, 16,56, 28,14, 12,91
59,03, 69,07, 50,47, 2,77, 34,88, 52,51, 3,99, 40,02, 9,91, 18,36
3,85, 42,27, 16,46, 53,29, 6,01, 23,75, 17,60, 6,21, 36,63, 50,39
42,12, 49,87, 1,12, 22,29, 24,27, 56,53, 12,83, 59,77, 30,81, 53,84
8,48, 24,17, 18,36, 18,12, 3,24, 7,44, 74,16, 10,73, 16,39, 0,73
49,33, 19,73, 4,84, 6,50, 21,74, 37,03, 20,77, 0,23, 54,40, 15,03

51,02, 43,49, 38,20, 61,39, 11,76, 0,05, 7,93, 24,08, 1,00, 11,19
10,90, 14,11, 11,51, 17,40, 38,90, 16,37, 6,13, 55,22, 56,26, 40,49
91,33, 4,77, 10,89, 60,27, 49,79, 17,75, 7,84, 8,77, 42,37, 29,48
1,93, 26,33, 29,99, 1,69, 4,27, 11,69, 0,44, 38,00, 21,55, 6,67
1,52, 1,24, 19,66, 76,59, 28,52, 0,95, 8,50, 63,39, 46,89, 6,26
0,07, 51,42, 47,50, 45,84, 0,02, 27,56, 0,00, 16,13, 6,90, 67,82
20,85, 9,31, 51,16, 69,00, 84,15, 1,36, 1,68, 0,62, 0,07, 21,13
39,05, 27,40, 42,26, 6,77, 16,14, 2,77, 35,70, 1,53, 3,33, 66,15
25,95, 22,26, 9,74, 16,90, 78,70, 85,53, 47,09, 40,19, 3,94, 16,80
72,28, 11,07, 34,34, 1,70, 16,75, 2,27, 24,24, 21,33, 37,73, 49,64

31,03, 12,67, 13,94, 22,48, 40,57, 38,85, 22,29, 11,58, 43,50, 46,15
0,65, 62,30, 4,23, 9,78, 0,90, 8,35, 8,88, 46,96, 63,24, 0,00
12,94, 0,51, 5,39, 16,62, 71,00, 11,95, 37,39, 33,14, 20,05, 38,02
6,75, 29,49, 16,22, 75,51, 0,39, 83,53, 1,07, 3,80, 19,46, 0,96
20,17, 31,15, 42,82, 3,50, 0,53, 21,67, 3,12, 54,78, 39,41, 56,32
38,91, 30,16, 6,68, 59,46, 1,68, 35,14, 0,45, 81,87, 0,00, 54,20
22,19, 24,20, 23,05, 14,48, 0,91, 5,35, 3,44, 15,70, 16,88, 29,76
13,97, 29,47, 3,23, 11,97, 35,03, 43,12, 12,92, 0,85, 34,60, 26,84
42,77, 31,37, 5,35, 0,07, 1,93, 29,44, 25,67, 11,85, 57,90, 1,15
2,56, 40,02, 6,16, 4,01, 1,59, 17,54, 1,91, 9,58, 12,88, 13,82

2,95, 2,34, 23,87, 14,85, 40,88, 54,15, 4,84, 3,87, 0,77, 1,43
20,74, 15,67, 71,89, 59,51, 17,96, 30,51, 31,43, 52,54, 64,79, 63,46
21,46, 13,40, 57,96, 58,40, 61,51, 25,20, 32,33, 7,81, 31,98, 25,44
2,04, 36,96, 9,03, 43,70, 28,97, 14,85, 0,05, 52,34, 3,85, 84,39
17,66, 4,72, 21,69, 9,71, 2,70, 1,02, 24,17, 43,37, 9,70, 47,57
13,67, 28,48, 7,39, 0,56, 88,51, 45,12, 67,89, 3,92, 3,71, 7,61
4,52, 0,70, 30,15, 44,19, 29,14, 26,40, 6,18, 49,66, 18,40, 23,23
9,68, 21,20, 14,66, 34,81, 5,94, 58,62, 0,27, 25,36, 30,37, 17,60
11,88, 47,32, 4,91, 3,50, 12,88, 3,75, 7,33, 2,80, 14,31, 47,39
41,69, 52,97, 17,73, 30,27, 74,37, 1,02, 11,17, 4,22, 3,89, 6,83

18,99, 13,75, 73,43, 12,45, 8,25, 6,68, 32,47, 36,80, 12,53, 10,78
0,00, 10,23, 24,44, 83,21, 31,22, 16,51, 79,37, 0,32, 88,91, 23,45
12,44, 31,45, 49,91, 17,04, 14,65, 2,72, 14,54, 26,89, 35,96, 53,27
6,80, 28,21, 10,72, 1,94, 22,63, 4,05, 24,07, 23,87, 2,87, 5,23
2,31, 6,82, 14,24, 2,12, 6,05, 39,50, 18,11, 24,42, 17,36, 5,53
2,56, 40,13, 22,37, 41,69, 24,20, 42,92, 17,98, 9,93, 40,80, 89,83
5,20, 31,38, 15,60, 60,00, 23,32, 1,00, 16,67, 24,27, 27,62, 36,62
44,31, 26,04, 10,09, 53,49, 9,83, 64,80, 17,38, 2,07, 36,39, 1,23
3,36, 7,92, 31,91, 6,90, 11,19, 20,83, 67,68, 1,57, 8,61, 15,99
15,26, 24,89, 0,47, 17,86, 2,40, 28,96, 35,63, 7,17, 31,21, 19,75

